16408
131055
16408
131055
16408
131055
16408
131055
16408
131055
16408
16408
131055
16408
16408
18811
18811
18811
18811
18811
18811
19029
18811
18811
19223
18811
18811
131055
18503
18503
18503
131055
18502
18502
18536
18502
18502
131055
18502
18502
18536
131055
18502
18536
16408
16408
131055
16408
16408
16408
16429
16408
131055
16408
131055
16408
131055
16408
131055
16408
131055
16408
131055
16408
131055
16408
16408
16408
131055
16408
131055
16408
131055
16408
131055
16408
131055
16408
131055
16408
131055
16408
131055
16408
131055
131055
131055
131055
131055
131055
131055
131055
131055
131055
131055
131055
131055
131055
131055
131055
131055
131055
131055
131055
131055
131055
131055
131055
131055
131055
131055
131055
131055
131055
131055
131055
131055
131055
16408
131055
16408
131055
16408
131055
16401
16401
131055
16401
16401
16401
16401
16401
18494
16401
18535
16401
18494
16401
18535
16401
16401
18494
16401
18501
16401
18501
16401
18535
16401
16401
16401
16401
16401
18494
16401
131055
16401
16401
16401
16401
18496
16401
16401
18494
16401
16401
16401
18535
16401
18500
16401
16401
16401
18494
16401
16401
16401
18495
16401
16401
16401
19223
16401
16401
16401
16401
18496
16401
16401
16401
16401
18494
16401
131055
16401
131055
16401
16401
16401
131055
16396
16396
131055
16396
131055
16396
131055
16396
16396
131055
16396
16396
131055
16396
131055
16396
16396
18498
16396
131055
16396
131055
16396
131055
16396
131055
16396
16396
16396
16396
16396
16396
16396
16396
16396
16396
16396
18498
16396
16396
16396
16396
16396
16396
16396
16396
18498
16396
16396
16396
16396
16396
16396
16396
16396
18498
16396
16396